solCR2=[ 0.002189942476499
   0.004041904614693
   0.004041741504109
   0.005221182756606
   0.006618057266034
   0.009552859601094
   0.007345449266809
   0.008476943276269
   0.013614037236116
   0.008939092936604
   0.009885656809526
   0.016721719113113
   0.010163163921017
   0.010967394003954
   0.019128714904420
   0.011103075996083
   0.011791043388081
   0.020983800455087
   0.011811236554035
   0.012399422432372
   0.022382515345934
   0.012320098032361
   0.012818467060794
   0.023387927798767
   0.012649336766645
   0.013063797105201
   0.024039700683470
   0.012810619534883
   0.013144477362847
   0.024360633870333
   0.012810663083040
   0.013064589246023
   0.024361676895773
   0.012650668507826
   0.012821793556613
   0.024044145309825
   0.012324826558115
   0.012406470812612
   0.023397672114634
   0.011819358052015
   0.011800484554388
   0.022397164012477
   0.011112315935119
   0.010976658649793
   0.021000195457515
   0.010170986700091
   0.009893216690692
   0.019143952566711
   0.008945295547764
   0.008483727802658
   0.016734893437759
   0.007350916922493
   0.006624621882398
   0.013625847557629
   0.005226518219651
   0.004047315104186
   0.009561838389722
   0.002191694898741
   0.004047252338830
   0.005220925004881
   0.009552739806164
   0.006617568494150
   0.013214162982284
   0.016544088009291
   0.016543720592891
   0.019212940836783
   0.021852976438626
   0.024179083026794
   0.023832301262692
   0.025955287938553
   0.030138321253695
   0.027420043690071
   0.029133088295369
   0.034802797155281
   0.030188661730555
   0.031560860041320
   0.038418232239943
   0.032277431540856
   0.033355592849474
   0.041152127736913
   0.033779119035175
   0.034592803135334
   0.043119710677060
   0.034752857135172
   0.035319409659829
   0.044396992071684
   0.035232442068896
   0.035559996889081
   0.045027396872217
   0.035234252696176
   0.035323935453310
   0.045030731363597
   0.034760105589011
   0.034604125635776
   0.044408223453340
   0.033794361387295
   0.033374347966865
   0.043139908517943
   0.032299349499847
   0.031583758356088
   0.041178969483751
   0.030212433254536
   0.029155398289625
   0.038446882029995
   0.027441471024494
   0.025974493644986
   0.034829338249712
   0.023850744575909
   0.021869632595590
   0.030161317646050
   0.019229055075553
   0.016558271603409
   0.024198747824778
   0.013226287272217
   0.009561609493921
   0.016558126446072
   0.005226338452652
   0.006624300225207
   0.007344922986385
   0.013613566191407
   0.008476105093119
   0.019212502687215
   0.024179141001524
   0.021851847291471
   0.028485377333999
   0.032463797100401
   0.032462746889545
   0.035784838594551
   0.038982690254165
   0.040900082493330
   0.041525785087495
   0.044083934155120
   0.047579985648294
   0.045988437203120
   0.048004486999503
   0.052794684604758
   0.049368798371185
   0.050911287093209
   0.056755475645841
   0.051803595644490
   0.052918472255104
   0.059612682594485
   0.053384270829429
   0.054098754535195
   0.061469699673965
   0.054164652503167
   0.054491365064639
   0.062387864170012
   0.054169540553307
   0.054108888728715
   0.062394707532389
   0.053399369539961
   0.052938525094121
   0.061489322248703
   0.051828365825160
   0.050939238815198
   0.059642308288945
   0.049400231663104
   0.048036263197269
   0.056790733416078
   0.046021705680682
   0.044115315896866
   0.052831234338187
   0.041557108157971
   0.039010829243572
   0.047614405224501
   0.035811988328825
   0.032487729393175
   0.040930229929441
   0.028508253426300
   0.024198067799380
   0.032487304467207
   0.019228531630191
   0.013625133039069
   0.021868666866891
   0.007350527456882
   0.008483152618083
   0.008938069251766
   0.016720412582398
   0.009883906305581
   0.023830407067472
   0.030136718892499
   0.025951456282854
   0.035782595759126
   0.040898852848171
   0.038977539206258
   0.045358710627425
   0.049494462522532
   0.049491226283344
   0.052977246197098
   0.056286357333740
   0.057899470305544
   0.058945365605229
   0.061541188252652
   0.064511558150837
   0.063488668826377
   0.065452751024199
   0.069558132476738
   0.066770893811808
   0.068160753028898
   0.073210524754287
   0.068905504083795
   0.069755597250844
   0.075588944676752
   0.069961167738066
   0.070287665666980
   0.076766663080566
   0.069969066979616
   0.069771018026427
   0.076776324283403
   0.068927887680548
   0.068188596062576
   0.075615762130839
   0.066803948193917
   0.065488305979975
   0.073248806763004
   0.063527504301215
   0.061579735831621
   0.069601409088996
   0.058985607313825
   0.056324467461449
   0.064555283646164
   0.053015693564934
   0.049528960045741
   0.057940728159757
   0.045392679023659
   0.040927878814050
   0.049527407224713
   0.035809626363819
   0.030158624934502
   0.039006882932303
   0.023848874689518
   0.016733420051033
   0.025971383226767
   0.008944587908640
   0.009892021460642
   0.010160767901580
   0.019124686188248
   0.010963537487906
   0.027414234500478
   0.034796160464296
   0.029123759013201
   0.041517907724709
   0.047572468073610
   0.044071389714728
   0.052971095197153
   0.057896297305197
   0.056275603178604
   0.062171169996307
   0.066123669472211
   0.066119618144216
   0.069428523133421
   0.072526990935549
   0.073908164085896
   0.074980923557951
   0.077314755295687
   0.079880395498442
   0.079006585139404
   0.080639334308271
   0.084218135509474
   0.081630460923462
   0.082600901230879
   0.087049018983343
   0.082929520346647
   0.083255639858721
   0.088452115458805
   0.082939361675809
   0.082619900712470
   0.088463119478270
   0.081658135336990
   0.080673824703891
   0.087080082927045
   0.079047090485110
   0.077358570493753
   0.084263207272521
   0.075027735914551
   0.072574073740564
   0.079932001308647
   0.069476773969415
   0.066169954047151
   0.073960437591568
   0.062216890249027
   0.057938692146213
   0.066169055982399
   0.053011765470041
   0.047608678878504
   0.056319928329387
   0.041550981318822
   0.034823744405542
   0.044108132415431
   0.027436786110963
   0.019140868796731
   0.029149152683357
   0.010169244351018
   0.010974001855747
   0.011097874677674
   0.020974604741675
   0.011783760593451
   0.030176311472675
   0.038403557033082
   0.031544104229746
   0.045972570828779
   0.052779000038963
   0.047983360327440
   0.058931923306328
   0.064501447194132
   0.061523094477037
   0.069422020410027
   0.073905679419250
   0.072516651424663
   0.077743625945830
   0.081261528266918
   0.081257766210126
   0.084138187645915
   0.086783623767198
   0.087986850107165
   0.088789931629422
   0.090628673098018
   0.092888506077640
   0.091828713299727
   0.092901731419522
   0.096094112668394
   0.093334809662418
   0.093660393984564
   0.097684226738049
   0.093345558028198
   0.092922856517993
   0.097695785150853
   0.091859700762373
   0.090668335545084
   0.096127483014165
   0.088836646793250
   0.086835552667252
   0.092938631918029
   0.084193411131717
   0.081318371567405
   0.088045980862171
   0.077800661434250
   0.073961693772773
   0.081318677902374
   0.069476585609560
   0.064553808736030
   0.072574987118486
   0.058981352426969
   0.052825494578455
   0.061576992455124
   0.046013885185558
   0.038439325665899
   0.048029148058919
   0.030204634606319
   0.020994569614763
   0.031575241447969
   0.011108693252775
   0.011796064732847
   0.011801872022981
   0.022366883381706
   0.012387803183370
   0.032256638781030
   0.041128257191179
   0.033330086853464
   0.049343547120191
   0.056731386399215
   0.050880282436546
   0.063467235810968
   0.069541482088031
   0.065425471893455
   0.074967513288939
   0.079871738367151
   0.077295420917886
   0.084131168864876
   0.087984087295301
   0.086770191301680
   0.091196361916563
   0.094091536226415
   0.094084372554025
   0.096349093958566
   0.098353896233002
   0.099423698903768
   0.099721274662412
   0.100876987094398
