solCR2=[0.753250624521405
   0.689306640877427
   1.475147314776655
  -0.244237551099598
  -1.041498004779887
  -0.316936539719357
  -0.836731846999919
  -1.691377449452351
   1.116577946360887
   0.969788779530713
   1.122821116630156
  -0.285755805324634
  -1.571016745200344
  -0.255194136571592
  -1.400742349008159
  -1.297613001710497
   0.411898421715603
   0.335053371535441
  -0.076653404818307
  -0.570609339614631
  -0.563958693326624];